0.0 
0.0 
0.0 
0.0 
0.0 
0.0 
0.0 
0.0 
0.0 
0.0 
0.0 
0.0 
0.0 
0.0 
0.0 
0.0 
0.0 
0.0 
0.0 
0.0 
0.0 
0.0 
0.0 
0.0 
0.0 
0.0 
0.0 
0.0 
0.0 
0.0 
0.0 
0.0 
0.0 
0.0 
0.0 
0.0 
0.0 
0.0 
0.0 
0.0 
0.0 
0.0 
0.0 
0.0 
0.0 
0.0 
0.0 
0.0 
0.0 
0.0 
0.0 
0.0 
1.0 
0.0 
1.0 
0.0 
0.0 
1.0 
1.0 
1.0 
5.0 
7.0 
6.0 
6.0 
6.0 
9.0 
20.0 
20.0 
63.0 
49.0 
50.0 
59.0 
87.0 
90.0 
99.0 
132.0 
110.0 
123.0 
112.0 
184.0 
131.0 
141.0 
221.0 
182.0 
210.0 
249.0 
289.0 
275.0 
266.0 
388.0 
309.0 
468.0 
442.0 
449.0 
454.0 
436.0 
589.0 
517.0 
633.0 
636.0 
972.0 
742.0 
784.0 
975.0 
917.0 
1063.0 
1040.0 
1192.0 
1279.0 
1155.0 
1882.0 
1239.0 
1274.0 
1325.0 
1572.0 
1635.0 
1460.0 
1790.0 
1570.0 
1425.0 
1978.0 
2689.0 
1936.0 
1836.0 
2350.0 
2363.0 
2120.0 
2352.0 
2737.0 
2430.0 
3276.0 
3042.0 
2746.0 
2679.0 
2685.0 
3980.0 
3026.0 
2894.0 
4176.0 
3248.0 
4445.0 
3070.0 
3867.0 
3569.0 
3354.0 
5046.0 
3702.0 
3530.0 
4012.0 
4080.0 
3920.0 
3653.0 
6633.0 
4159.0 
4117.0 
4263.0 
5271.0 
4952.0 
4204.0 
5606.0 
4543.0 
6127.0 
4434.0 
5191.0 
4618.0 
4488.0 
6913.0 
5204.0 
4487.0 
5484.0 
5582.0 
7216.0 
4609.0 
5893.0 
5125.0 
5063.0 
6037.0 
6536.0 
5114.0 
6120.0 
6482.0 
6434.0 
4264.0 
3204.0 
3359.0 
2901.0 
3235.0 
3592.0 
3259.0 
3048.0 
3065.0 
4687.0 
3036.0 
3216.0 
3892.0 
3208.0 
4018.0 
3173.0 
3595.0 
3555.0 
3184.0 
4856.0 
2974.0 
2886.0 
2875.0 
3155.0 
3640.0 
2841.0 
3536.0 
2937.0 
2558.0 
2636.0 
2814.0 
4087.0 
2674.0 
3210.0 
2538.0 
2827.0 
2454.0 
2674.0 
2709.0 
2310.0 
3885.0 
2416.0 
2460.0 
2415.0 
2779.0 
2958.0 
2364.0 
2977.0 
3021.0 
2465.0 
3806.0 
2639.0 
2543.0 
2398.0 
3031.0 
3016.0 
2442.0 
2543.0 
3164.0 
2259.0 
2507.0 
2884.0 
3529.0 
